9600820541
9900734495
9900658823
9100773288
9200720445
9400717295
9300680109
9800711848
9600897440
9700741472
9000660011
9400751486
9500772947
9500746197
10100623388
9700720869
9900658506
9500698504
9700707962
9700741472
9900624654
9000660011
9400751486
9500772947
9500746197
9900712695
9700720869
10000710397
9500698504
9700707962
9700741472
9900624654
9000660011
9400751486
9900727265
9500746197
9700720869
9900658506
9700737377
9500698504
9700707962
9700741472
9900624654
9000660011
9400751486
9900727265
9500746197
9700720869
9900658506
9500698504
9700735184
9700707962
9700741472
9300708792
9000660011
9400751486
10000567399
9500746197
9700720869
9900658506
9500698504
9700707962
9800707339
9700741472
9000660011
9400751486
9500772947
9500746197
10100623388
9700720869
9900720806
9500698504
9700707962
9700741472
9900624654
9000660011
9400751486
9500772947
9500746197
9900712695
9700720869
9700737377
9500698504
9700707962
9700741472
9900624654
9000660011
9400751486
9900727265
9500746197
9700720869
9900658506
9700737377
9500698504
9700707962
9700741472
9900624654
9000660011
9400751486
9900727265
