8800620139
8400650153
8300736312
8900627678
8500786987
8500593241
8600652690
8300629901
8000651166
8200628037
8700607926
8800672733
8800619768
8800554414
8600722171
8400640564
8400643503
8400713351
8100773113
8800705469
8000651133
8900802908
8600549913
8500766862
8800604735
8500633841
8800742613
8600671598
8600670127
8600714765
8600694479
8700772281
8600821723
8600715082
8700835466
8500610220
8300661464
8700599014
8900647255
8900652203
8100721174
8200704863
8600689673
8600718116
8700716628
8600694059
8700769481
8300677946
8800674787
8400671824
8800680093
8100730798
8800787775
8800718678
8500684752
8700766823
8600638819
8900598360
8800634742
8400704843
8700679756
8600629241
8800673197
8800714956
8600659372
8400664077
8400721084
8700580185
8800703815
8300632857
8700654888
8400783608
8100754699
8900658849
8400684014
7700666341
8600671411
8700734945
8700586062
8600641559
8500741471
8300730354
8600650987
8500765822
8100704601
8800712431
8200714501
8600713635
8700629726
8700733914
8400807459
8600798063
8600751526
8700601892
8400694871
8500754762
8600641937
8500708051
8700660583
8500799462
