5200489333
5000428739
5600460335
5000476571
5300514402
5400408376
5200499017
5600453534
5300480414
5400556327
5400364370
5300506509
4900566159
5400451670
5800447329
5500479532
5200615366
5300432006
5200525868
5300431797
5600478097
5300500141
5500482623
5700429923
5600416231
5400524818
5000505760
5500437113
5400455812
5600403457
5400521770
5300450055
5700416307
5600457161
5400440223
5300531943
5300449851
5400438574
5400425044
5400495680
5500500719
5400466633
5400555113
5100478004
5400374991
5400492605
5400542894
5500504054
5500479655
5400475059
5400471044
5200584133
5500499290
5600470696
5400357271
5400422286
5400523273
5300500428
5700472128
5500575534
4600429904
5800525572
5300407301
5100516672
5300499426
5200421707
5400435026
5400462274
5600428373
5400495600
5400500404
5400390185
5200425820
5700437928
5500485385
5100512300
5300549634
5700501085
5100544642
5500454640
5400451545
5500492735
5100455920
5300397118
5200429962
4800461856
5400430516
5200462910
5300527980
5400479768
4600529663
5500529143
5600485309
5400504569
5600479879
5400524059
5400506353
5300438709
5400504335
4900401759
