7200623768
7300589789
7400561379
7400681730
7300673950
7500597971
7400673839
7500540587
7300600799
7000574295
7100585440
7200599158
7300646657
7500538871
7100601699
7000602493
7000621742
7400623201
7000654428
7000677658
7600578336
7100616158
7100643641
7000596867
7400530543
7000559575
7300609924
7100554862
7200566930
7300598292
7300634210
6700658172
7300565724
7000501695
7200555531
7200654644
7500637349
7200649713
7200562654
7200499198
7400634532
7400648996
7100623046
7200605650
7200582522
7300598245
7400546736
7300641042
7200513821
7500517491
7200678912
7200647152
6800676216
7500587014
7000589190
7400553212
7400587644
7300602051
7300516796
7400628399
7000578214
7200667758
7100635583
7100604726
7200494298
7500595366
7300638218
7300612635
7100581368
7000505280
7000536610
7400702001
7200674053
6700612337
7300541547
7500460991
7100620502
7000670046
7500588712
7400554873
7300605781
7500537938
7300602829
7200671191
7400623193
7300584658
7200628368
7300681778
7000613617
7200533368
7300680241
7200573831
7400579882
7200540607
7500605552
7500582583
7000652876
7300539634
7200586025
7500735815
