5600406028
5400477341
5600454457
5100532352
5500502350
5700468952
5600432998
5600502559
5300481000
5400430795
5300486279
5600487739
5600414278
5300491553
5500467207
5000414956
5300511801
4900422402
5400444339
5600415649
5100472677
5000498111
5600491921
5400429847
5300414872
5600482043
5300427580
5400452766
5000457876
5500434101
5400402615
5500469045
5500550778
5600432009
5700425157
5200403254
5400653894
5500421838
5200448133
5400434631
5400478899
5300458312
5300531913
5400489168
5300548344
5600439664
5500521827
5000462561
5400515168
5600451263
5300393108
5400528762
5500459744
5600468821
5500439480
5500453622
5500512285
5400520120
5400456189
5200514475
5500506612
5600430853
5400451054
5100498373
5600492465
5400397816
5500512335
5200451197
5600550731
5000534456
5600419697
5200490076
5400542508
5400471791
5500512820
5300463948
5300534798
5400441983
5300522467
5400584703
5500534879
5200400356
5400470368
5200488519
5400488803
5500455866
5400390424
5300519053
5600462356
5300520128
5400456620
5600473518
5200515665
5400469984
5100433959
5300475129
5600462722
5300495885
5500493308
5100530146
