8600777937
8500710051
8500618466
8600702813
7800705173
8600764876
8300675194
8800637896
8600715096
8900653177
8200798460
8700751214
8800698626
8400731021
8400765115
8400682300
8700797036
8300874784
8600698530
8500712909
8500592897
8000575939
8700783449
8200758849
8600685547
8600694361
8400733143
8900795547
8700847570
8700713200
8800609744
8800704604
8500649418
8300668490
8700624648
8600562084
8300670913
8600677361
8500736792
8800692079
8700604385
8700695070
8700721594
8600623366
8600803939
8700659076
8800689414
8300702795
8700729853
8700694991
8200673576
8600690671
7700661170
8600693450
8800685409
8100683246
8300775134
8500699405
8600688489
8700726393
8000650878
8700632792
8600687205
8500630634
8700630339
8400765403
8700788346
8700704348
8800621434
8700677907
8600734458
8700670918
8700647987
8600749900
8600768254
8500639921
8900724721
8500712206
8700620407
8300764385
8700737537
8500695182
8600820647
8600777934
8500693853
8800736355
8700683856
8800649018
8700734348
8700635205
8700743911
8700667158
8700676919
8500682688
8700758118
8700597249
8200648153
8800771339
8400670313
8800774976
