7400557107
6900646120
7000607031
7000523916
7200674576
6700694082
7300620395
7500702365
7100511808
7400536252
7500534918
7300558539
7200521104
6900703277
7100497925
7000539262
7500581779
7000650025
7400573458
7100657882
7500567132
7400650343
7400568802
7500646343
7400596028
7300471090
7300684567
7100607108
7300633541
7400596447
7300609264
7100620059
6900568195
7400552494
7500546175
7100652214
7400607904
7000676307
7500530258
7400538848
7100661239
7500553255
7000525104
7400628954
7000544907
7100586986
7700501831
7400663131
7200620992
7200623790
7000669936
7300588216
6900605268
7200621929
7400531265
7400607331
7400604588
7000572884
7200626821
7300620655
7300691488
7000557224
7300635978
7400591193
7000594733
6900572449
7200640891
7400529651
7300685789
7500617477
7400603267
7200592438
7400540620
7400537897
7300567835
7400559466
7000639497
7300657062
7400555145
7200641988
7500581152
7400583091
7300582026
7500583998
7300644282
7300573290
7400569041
6200626511
7000619239
7100621624
7300648877
7200493686
6800708197
7100625359
7300589660
6900665933
7000580722
6800659529
7200543294
6700581071
